5432
9889
7510
7283
5823
8919
5472
1233
5997
7506
5184
2409
187
4520
8243
4899
2650
9701
3928
170
5358
3955
8424
7697
110
1169
9524
8574
2178
6581
2066
3453
2530
5699
7416
7551
6439
7814
5157
2935
1668
3278
5375
1943
2134
4937
1485
5011
2960
3088
8081
7323
49
3018
8333
4805
4672
3701
2891
3735
2105
1741
3911
3837
8286
9732
4896
5318
3866
6499
7307
8503
8231
9148
9352
5805
5042
1661
1708
718
8217
1267
7336
661
7763
5319
733
9147
7502
4768
4391
3919
2612
2181
3277
6919
7801
7602
5577
9442
891
9538
3613
2191
9244
5948
1636
8191
6486
3847
5895
2059
7621
7232
6552
5138
8512
8618
1517
6829
6370
9483
384
1202
7991
8960
1812
2515
3522
9200
796
8351
4325
4751
4663
215
7634
4818
5801
9108
8114
484
4868
3211
899
2571
5408
7952
9045
3924
7857
4067
4862
3532
771
8009
3077
992
5986
7947
1840
6257
9187
7269
2254
6710
110
9119
3987
7832
8754
7057
6460
5258
7979
7061
9471
1332
9405
3200
6379
5443
5460
6168
2206
1580
8127
9732
3765
3257
2739
7237
8061
6125
6712
8585
3821
1635
5288
9554
1980
3047
3328
2142
4058
7562
8904
5040
5250
2635
6289
1827
1607
3139
6032
7982
3889
8168
6255
1460
5177
3296
3186
5912
7053
4165
8924
1313
1590
3755
9502
9161
8809
9225
8435
5110
9885
6500
9900
6740
5552
7043
9757
1268
6052
6435
2277
9014
4716
1733
4969
8282
754
4996
7237
5344
1362
204
3802
7644
7310
4718
8215
7285
4360
9927
1717
5612
4972
5241
8485
7645
382
9962
8064
4253
5765
8975
1657
5424
2398
5998
8222
5569
1870
5832
191
2305
7669
153
7148
4817
4603
1682
560
4890
1555
9757
9778
574
2755
2850
399
7284
3015
6757
9952
522
7471
5842
8917
9969
9111
8413
4997
2079
7479
2593
991
8041
1431
830
8293
730
3617
9541
1379
2684
250
9323
6945
1519
8391
7351
4905
5873
3532
1307
6610
2476
3
4866
2232
8878
1380
6287
1767
2347
3980
3972
3322
846
2286
3696
8837
6532
8893
7579
5929
6876
7592
6977
4141
1838
4408
4532
5009
9373
8791
9594
2236
4508
7313
4669
5817
3537
9718
5969
3480
1538
7020
6475
4661
9377
4672
57
7120
6215
7839
7167
2788
5521
1906
1304
8139
3695
7853
4311
8040
2921
1413
7069
1963
1555
5240
2052
2822
3176
6049
3061
9304
3736
3352
5135
4919
854
14
4918
551
5996
8
9799
2175
1395
9339
1080
4804
7932
2089
3753
7349
6562
2030
6526
2854
9089
162
1734
1767
8864
8240
2761
7405
4507
8945
9853
6038
3099
6561
5818
1075
286
7712
4037
5122
9244
8712
2381
431
9908
7328
2253
1223
3240
2924
5372
4245
5364
9649
7879
4985
2076
415
9857
9452
9797
958
788
6753
7130
5327
5853
4046
8144
3919
3682
5001
6783
8060
8130
6962
2490
2746
4322
3669
8533
6037
9499
7134
3365
3658
2049
3939
4579
7043
8553
1303
1698
5882
8778
1907
8597
7748
1174
3050
678
2663
8454
631
4458
4279
8778
7046
2965
8967
7316
5208
8022
1854
6386
9595
3420
1163
8681
294
8932
4752
2636
8309
1243
3847
8472
6986
5407
9166
9911
6117
5006
7542
7513
3761
2933
3435
8492
99
8626
9481
167
1316
6229
7529
5055
5160
9047
8886
8955
1346
7633
7535
3930
2579
9287
889
8225
9150
4324
279
9335
54
3730
8637
5292
164
7345
4386
8669
7188
8331
4489
6153
7263
9500
1985
9653
6901
867
3017
49
6870
9072
9574
2601
1272
3576
8226
3122
5801
4988
7644
9892
693
6791
5897
4259
7264
3586
6963
8024
3709
2852
5365
8172
9906
4883
2294
2202
463
348
4728
4426
5467
7072
6989
5564
358
7464
1616
9087
1150
7685
7404
2952
1735
7468
3063
1528
4105
9791
5830
7326
4613
4489
5372
5031
9471
7316
8417
7659
5734
5624
8929
4201
4059
2740
9088
2150
3963
9552
5685
2665
8937
2238
2515
6807
6959
2366
6894
8278
1972
1515
7598
4477
2635
9247
6934
8985
4720
9677
2003
5458
401
3553
4077
2508
3879
8927
5277
4889
9225
7051
9595
4730
5870
208
5046
6330
8702
2451
312
2637
9371
9649
6728
2665
1119
9861
8170
2772
9834
8064
3757
589
8129
3616
2552
2022
5367
155
4344
1664
4242
4510
6144
5572
8777
6019
5743
5918
7226
4391
3574
3082
1597
3971
9129
5159
1721
8646
3810
8714
4204
4886
9164
9019
8210
8877
7472
8447
1474
3783
8454
1760
8162
9618
919
3972
5068
2816
7609
6020
3366
3286
9969
4219
1952
7374
3726
9962
5706
3307
5586
5057
7317
1931
7382
5845
2830
7037
2891
6112
9632
3902
2277
6136
5727
9295
6979
7792
9224
4043
8153
9725
6759
3186
1089
170
7195
5911
2020
8859
3939
4099
8926
692
5065
5166
9046
3156
7012
3670
9720
7801
1358
7353
4377
16
51
7842
9763
6916
4885
3527
5986
2686
3513
8148
4607
7303
3950
1077
5152
5834
7693
8091
8582
5928
3933
5991
7823
3743
9568
4294
2870
7302
5981
7941
4050
736
3518
9421
6812
2351
1659
7317
7046
9135
3582
424
2069
119
4444
3257
3649
2069
3412
3670
735
2476
464
7849
4213
6118
4861
1369
7654
2584
528
6854
7151
9238
4133
7911
349
7800
7233
5004
7271
8358
2694
3770
5411
7033
9122
3079
2875
844
5728
6791
1917
8186
2451
8116
7046
8925
1482
4945
2486
5974
6122
8697
1591
7017
1131
8074
1382
2264
8306
3591
5298
1533
4201
4680
2865
1200
1122
8846
6481
4345
1928
140
3115
4302
407
9802
9027
3803
7927
5046
5122
4752
2511
3193
5662
673
2845
283
7027
5825
877
8533
8942
3646
2211
2596
9178
6133
3195
3147
4791
1285
3954
1903
4794
3598
4545
3007
2703
8631
4336
5317
972
1744
199
8757
7006
8358
4559
7488
3210
2751
889
2492
6792
406
374
4845
7631
6152
4567
54
